%YAML:1.0
---
K: !!opencv-matrix
   rows: 3
   cols: 3
   dt: d
   data: [ 9.5754633604796754e+02, 0., 8.8073565437864909e+02, 0.,
       9.5485089038707451e+02, 5.5227548214305023e+02, 0., 0., 1. ]
D: !!opencv-matrix
   rows: 1
   cols: 5
   dt: d
   data: [ 2.0780111462705642e-01, -3.2406639063696729e-01,
       -7.1941027289726140e-04, 1.5960935621030044e-03,
       1.9013694731734296e-01 ]
