70,-30,50,0,-30,0
65,-30,50,91,-30,0
67,-20,70,101,-30,9
57,-20,73,101,-30,9
57,-27,76,101,-30,9
57,-36,76,101,-30,9
57,-58,76,101,-30,9
56,-58,76,101,-30,9
55,-58,76,101,-40,9
54,-67,74,101,-40,9
50,-67,74,101,-40,9
50,-72,75,101,-40,9
47,-72,75,101,-40,9
47,-76,75,101,-40,9
46,-76,75,101,-55,9
42,-76,75,101,-55,9
42,-80,75,101,-55,9
34,-80,75,101,-55,9
34,-80,75,101,-14,9
28,-80,75,101,-14,9
101,-80,75,101,-14,9
sleep,10
abs
sleep,10
90,-80,110,0,-40,0
90,-50,110,0,-70,4
90,-42,112,0,-80,4
90,-39,113,0,-83,4
sleep,10
grab
sleep,10
68,-73,104,0,-41,5
32,-56,61,0,-18,46
31,-52,69,0,-29,46
31,-47,69,0,-29,46
31,-49,73,0,-35,47
sleep,10
abs
sleep,10
31,-49,73,0,-35,47
31,-47,69,0,-29,46
31,-52,69,0,-29,46
32,-56,61,0,-18,46
68,-73,104,0,-41,5
sleep,10
abs
sleep,10
0.0,-89.01,1.05,0.0,-0.0,0.0
-6,-79,35,2,-14,55
-4,-79,39,2,-14,55
14,-79,33,2,-14,55
24,-79,37,28,-14,67
30,-79,45,28,-27,65
34,-79,49,56,-26,65
38,-77,49,68,-26,65
44,-77,55,68,-27,65
48,-73,57,68,-27,65
51,-69,61,68,-27,65
53,-65,61,68,-27,65
53,-65,61,88,-22,65
53,-65,61,88,-22,65
55,-59,61,88,-22,65
56,-55,65,88,-22,65
58,-49,66,88,-22,65
59,-45,67,88,-22,65
61,-40,70,88,-22,65
70,-40,70,88,-22,65